V 0 0 1 0.80874 0.193304 0.563585
V 0 0.5 1 0.895962 0.350291 0.479873
V 0 1 0 0.858943 0.174108 0.746605
V 0 1.5 1 0.0149846 0.303995 0.513535
V 0 2 1 0.165899 0.147313 0.364452
V 0 2.5 1 0.00466933 0.119083 0.445692
V 0 3 0 0.571184 0.531663 0.37788
V 0 3.5 0 0.663045 0.166234 0.607166
V 0 4 1 0.607685 0.0570391 0.352123
V 0 4.5 1 0.30195 0.519883 0.802606
V 0.5 0 1.19967 0.925718 0.955901 0.726676
V 0.5 0.5 1.19867 0.235328 0.462081 0.142338
V 0.5 1 1.19569 0.843654 0.779656 0.209601
V 0.5 1.5 0.190749 0.392438 0.611499 0.999695
V 0.5 2 1.18391 0.0237434 0.840144 0.297281
V 0.5 2.5 0.175224 0.0562151 0.677206 0.0926237
V 0.5 3 0.164792 0.272896 0.275887 0.91879
V 0.5 3.5 0.152714 0.726493 0.837611 0.691183
V 0.5 4 0.139109 0.468459 0.743736 0.205359
V 0.5 4.5 0.124115 0.10828 0.744438 0.949156
V 1 0 1.39734 0.608966 0.735008 0.385235
V 1 0.5 0.395354 0.225105 0.151555 0.361339
V 1 1 1.38942 0.98999 0.517106 0.802881
V 1 1.5 0.379592 0.657308 0.168981 0.345561
V 1 2 0.365973 0.504807 0.699759 0.0635395
V 1 2.5 1.3487 0.905118 0.141575 0.949583
V 1 3 0.327938 0.0703757 0.426557 0.303049
V 1 3.5 1.3039 0.877255 0.153233 0.683187
V 1 4 0.276828 0.177892 0.191351 0.582049
V 1 4.5 1.24699 0.503922 0.155553 0.475265
V 1.5 0 0.59104 0.568743 0.27958 0.405591
V 1.5 0.5 1.58809 0.475295 0.721915 0.755852
V 1.5 1 1.57926 0.0350963 0.834681 0.367809
V 1.5 1.5 1.56464 0.104678 0.426221 0.662984
V 1.5 2 1.54438 0.345988 0.549547 0.921384
V 1.5 2.5 1.51869 0.316874 0.84698 0.374981
V 1.5 3 1.48781 0.2978 0.982971 0.271889
V 1.5 3.5 1.45205 0.761315 0.19599 0.567278
V 1.5 4 0.411782 0.890164 0.5009 0.397656
V 1.5 4.5 0.367397 0.0505081 0.572588 0.994629
V 2 0 0.778837 0.626759 0.843043 0.194067
V 2 0.5 0.774946 0.123325 0.842158 0.197851
V 2 1 0.763312 0.941069 0.314066 0.743126
V 2 1.5 0.744051 0.733085 0.140263 0.336314
V 2 2 0.717356 0.747215 0.600238 0.707999
V 2 2.5 1.68349 0.0610065 0.00161748 0.144475
V 2 3 0.642802 0.115604 0.210578 0.852626
V 2 3.5 1.59569 0.454512 0.113773 0.0142521
V 2 4 0.542621 0.0738853 0.543443 0.686148
V 2 4.5 0.484133 0.290353 0.696219 0.201941
V 2.5 0 1.95885 0.532579 0.577868 0.232429
V 2.5 0.5 0.954061 0.963042 0.504135 0.160192
V 2.5 1 0.939738 0.335948 0.189947 0.924802
V 2.5 1.5 0.916025 0.998016 0.457442 0.995178
V 2.5 2 1.88316 0.437727 0.0943938 0.625172
V 2.5 2.5 1.84147 0.290017 0.89462 0.0484329
V 2.5 3 0.791374 0.201972 0.410718 0.769066
V 2.5 3.5 0.73337 0.466353 0.451613 0.604144
V 2.5 4 1.66804 0.828791 0.854793 0.634724
V 2.5 4.5 0.596031 0.375134 0.565752 0.720908
V 3 0 1.12928 0.905087 0.555132 0.737907
V 3 0.5 1.12364 0.698508 0.604724 0.18894
V 3 1 1.10677 0.0803858 0.494461 0.351299
V 3 1.5 1.07885 0.691122 0.62038 0.612049
V 3 2 1.04014 0.867733 0.576037 0.149113
V 3 2.5 1.99104 0.0432142 0.727683 0.614704
V 3 3 1.93204 0.569201 0.315012 0.976531
V 3 3.5 1.86372 0.869045 0.108554 0.173925
V 3 4 0.78678 0.326914 0.154881 0.744316
V 3 4.5 0.701975 0.820002 0.64098 0.0766015
V 3.5 0 2.28844 0.298746 0.408979 0.448256
V 3.5 0.5 2.282 0.323038 0.152654 0.501206
V 3.5 1 1.26275 0.959075 0.826685 0.313883
V 3.5 1.5 2.23089 0.943999 0.300058 0.725028
V 3.5 2 2.18673 0.524583 0.784967 0.0657369
V 3.5 2.5 1.13071 0.875637 0.0722678 0.956114
V 3.5 3 2.06339 0.505051 0.104801 0.322123
V 3.5 3.5 1.98545 0.551164 0.91998 0.290292
V 3.5 4 0.897662 0.379131 0.492538 0.114536
V 3.5 4.5 1.8009 0.382366 0.509262 0.793359
V 4 0 2.43471 0.395184 0.606281 0.532151
V 4 0.5 2.42754 0.623066 0.10062 0.707877
V 4 1 1.40611 0.496902 0.747337 0.491501
V 4 1.5 2.37063 0.357097 0.552812 0.785363
V 4 2 1.32146 0.374248 0.17658 0.630848
V 4 2.5 2.25908 0.611988 0.95172 0.743278
V 4 3 1.18412 0.63921 0.0559099 0.329844
V 4 3.5 2.09733 0.596881 0.864315 0.847072
V 4 4 0.999574 0.126469 0.0146794 0.853969
V 4 4.5 0.891831 0.0659505 0.217566 0.617145
V 4.5 0 2.56665 0.319407 0.340983 0.624104
V 4.5 0.5 1.55883 0.806879 0.802393 0.661
V 4.5 1 2.53543 0.900601 0.798181 0.611103
V 4.5 1.5 2.49668 0.2537 0.402417 0.630177
V 4.5 2 1.44298 0.427808 0.0661641 0.85519
V 4.5 2.5 2.37487 0.225562 0.548051 0.302286
V 4.5 3 1.29302 0.134709 0.808039 0.11063
V 4.5 3.5 1.19824 0.789636 0.89523 0.78811
V 4.5 4 1.0915 0.856655 0.361126 0.615223
V 4.5 4.5 1.97385 0.24955 0.229438 0.863582
I 0 10 1
I 10 11 1
I 1 11 2
I 11 12 2
I 2 12 3
I 12 13 3
I 3 13 4
I 13 14 4
I 4 14 5
I 14 15 5
I 5 15 6
I 15 16 6
I 6 16 7
I 16 17 7
I 7 17 8
I 17 18 8
I 8 18 9
I 18 19 9
I 10 20 11
I 20 21 11
I 11 21 12
I 21 22 12
I 12 22 13
I 22 23 13
I 13 23 14
I 23 24 14
I 14 24 15
I 24 25 15
I 15 25 16
I 25 26 16
I 16 26 17
I 26 27 17
I 17 27 18
I 27 28 18
I 18 28 19
I 28 29 19
I 20 30 21
I 30 31 21
I 21 31 22
I 31 32 22
I 22 32 23
I 32 33 23
I 23 33 24
I 33 34 24
I 24 34 25
I 34 35 25
I 25 35 26
I 35 36 26
I 26 36 27
I 36 37 27
I 27 37 28
I 37 38 28
I 28 38 29
I 38 39 29
I 30 40 31
I 40 41 31
I 31 41 32
I 41 42 32
I 32 42 33
I 42 43 33
I 33 43 34
I 43 44 34
I 34 44 35
I 44 45 35
I 35 45 36
I 45 46 36
I 36 46 37
I 46 47 37
I 37 47 38
I 47 48 38
I 38 48 39
I 48 49 39
I 40 50 41
I 50 51 41
I 41 51 42
I 51 52 42
I 42 52 43
I 52 53 43
I 43 53 44
I 53 54 44
I 44 54 45
I 54 55 45
I 45 55 46
I 55 56 46
I 46 56 47
I 56 57 47
I 47 57 48
I 57 58 48
I 48 58 49
I 58 59 49
I 50 60 51
I 60 61 51
I 51 61 52
I 61 62 52
I 52 62 53
I 62 63 53
I 53 63 54
I 63 64 54
I 54 64 55
I 64 65 55
I 55 65 56
I 65 66 56
I 56 66 57
I 66 67 57
I 57 67 58
I 67 68 58
I 58 68 59
I 68 69 59
I 60 70 61
I 70 71 61
I 61 71 62
I 71 72 62
I 62 72 63
I 72 73 63
I 63 73 64
I 73 74 64
I 64 74 65
I 74 75 65
I 65 75 66
I 75 76 66
I 66 76 67
I 76 77 67
I 67 77 68
I 77 78 68
I 68 78 69
I 78 79 69
I 70 80 71
I 80 81 71
I 71 81 72
I 81 82 72
I 72 82 73
I 82 83 73
I 73 83 74
I 83 84 74
I 74 84 75
I 84 85 75
I 75 85 76
I 85 86 76
I 76 86 77
I 86 87 77
I 77 87 78
I 87 88 78
I 78 88 79
I 88 89 79
I 80 90 81
I 90 91 81
I 81 91 82
I 91 92 82
I 82 92 83
I 92 93 83
I 83 93 84
I 93 94 84
I 84 94 85
I 94 95 85
I 85 95 86
I 95 96 86
I 86 96 87
I 96 97 87
I 87 97 88
I 97 98 88
I 88 98 89
I 98 99 89
